01000001
11000110
00010100
11001001
01000111
00010100
01000001
00011000
11001100
00000101
00010100
11000000
00011000
01001110
00010100
01000001
00011000
01000100
10110100
11001111
00010100
01000001
01001101
00000101
00010100
01001110
00000101
00000101
00000101
00000101
01000001
10000001
11001010
00011000
11100100
01000111
10011100
11001111
00000101
00000101
11100100
01000100
01000100
01000100
01001101
00000101
00011101
01000010
00011000
10000100
01001101
00000101
00010100
01000111
00011101
11011011
10000100
01000111
00010100
01001000
00000000
00000000
00000000
01000100
00110101
11000000
11000000
11100100
11001100
00000101
11001001
00000000
00011101
00011000
00001001
11000110
11000110
11000110
00000101
00000101
11100100
01001110
00000101
01001011
10000001
11000000
11100100
11000000
01001011
01001101
00000101
00011101
00011000
10000100
01001101
00000101
00010100
11011000
01011100
10000001
00000101
00000101
10000001
11000000
11100100
11001010
01011111
00011000
10000100
01001110
00010100
11001001
01000111
00010100
00000000
00011000
11000110
00010100
11010111
00000101
00000101
00000101
00000101
11010010
00000000
10000001
10000001
11011011
10000001
11000000
11100100
11001001
00000000
00011000
11000110
00010100
11000000
01000100
11100100
