01000010
11001111
00000101
10000001
11000000
00010001
01000001
01000100
00010001
11001001
11001111
00000101
00000101
00000101
00000101
00110101
01000010
00010001
11001010
11000101
00010001
01000010
10011001
00011110
11000011
00011000
00100010
11000101
00101110
01000001
00011011
10000111
10010011
00111010
01001011
00010010
00011000
11001111
11100100
11001111
00000101
01011001
00110011
11000000
11100100
11000000
10011001
01000001
00011000
10110100
11000110
00011101
00010100
11000000
11000101
00010100
01000010
00011000
11000101
00110011
01000010
00010001
01000010
00011000
11001111
10110010
01001101
00000101
11100100
11001111
00000101
00000101
00000101
11000000
00110011
11000000
11000000
11100100
11001001
11001111
00000101
00000101
00000101
00000101
00110101
01000010
00010001
01001011
11000110
00011101
10110100
11000101
10110010
01001101
00000101
00000101
00000101
00000101
11100100
01000010
00011000
11000101
10110010
10011010
10000100
10011001
10001110
11000000
10000100
01001110
00000101
11100100
01001000
00010010
11001010
11000101
00010001
11000000
11000000
11001111
00000101
00000101
11100100
01000010
00011000
00011000
11001100
00010100
01000010
00011000
11000101
10110010
10011010
10000100
10011001
11000011
00010010
00011000
10110100
11001100
11100100
11000000
11001111
11100100
11001010
00011000
11000101
10000100
01001110
00010100
01000010
00011000
11000101
00110011
01001000
00011000
00010100
01000010
00010001
01001101
00000101
00000101
00000101
00000101
11000000
00110011
11000000
11100100
11000000
11000000
11000000
11000000
11000000
11000000
11000000
11000000
11000000
11000000
11001010
00011000
01001101
00010100
11000000
01000100
11100100